1.000000 0.000000 0.000000 0.000000 0.000000 1.000000 0.000000 0.000000 0.000000 0.000000 1.000000 0.000000 
0.999991 -0.002509 -0.003419 -0.000285 0.002501 0.999994 -0.002325 -0.003234 0.003425 0.002316 0.999991 0.676005 
0.999975 -0.000934 -0.007051 -0.020331 0.000907 0.999992 -0.003808 -0.009317 0.007055 0.003802 0.999968 1.357763 
0.999935 -0.001460 -0.011316 -0.029175 0.001401 0.999986 -0.005165 -0.011717 0.011324 0.005149 0.999923 2.081391 
0.999872 0.000234 -0.015976 -0.049734 -0.000326 0.999983 -0.005774 -0.019512 0.015974 0.005778 0.999856 2.806910 
0.999791 -0.001150 -0.020404 -0.066716 0.001028 0.999982 -0.005986 -0.027703 0.020410 0.005964 0.999774 3.551815 
0.999687 0.000523 -0.025016 -0.090771 -0.000705 0.999973 -0.007290 -0.034529 0.025011 0.007305 0.999660 4.313246 
0.999561 0.002521 -0.029527 -0.128500 -0.002755 0.999965 -0.007898 -0.042007 0.029506 0.007976 0.999533 5.082305 
0.999410 0.003260 -0.034205 -0.151847 -0.003472 0.999975 -0.006138 -0.054489 0.034184 0.006253 0.999396 5.876712 
0.999245 0.002247 -0.038796 -0.182339 -0.002374 0.999992 -0.003222 -0.064785 0.038789 0.003311 0.999242 6.665591 
0.999106 0.002203 -0.042208 -0.217856 -0.002240 0.999997 -0.000820 -0.072190 0.042206 0.000914 0.999109 7.471748 
0.998996 0.003833 -0.044627 -0.264321 -0.003891 0.999992 -0.001232 -0.084194 0.044622 0.001405 0.999003 8.272927 
0.998900 0.003169 -0.046786 -0.311641 -0.003226 0.999994 -0.001137 -0.086738 0.046782 0.001286 0.998904 9.108334 
0.998829 0.000177 -0.048382 -0.350425 -0.000266 0.999998 -0.001834 -0.092250 0.048382 0.001845 0.998827 9.931500 
0.998737 0.000789 -0.050231 -0.399953 -0.000837 0.999999 -0.000930 -0.103733 0.050231 0.000971 0.998737 10.780123 
0.998654 -0.000569 -0.051864 -0.443718 0.000513 0.999999 -0.001099 -0.115269 0.051865 0.001071 0.998654 11.638689 
0.998568 0.001811 -0.053466 -0.497842 -0.002004 0.999992 -0.003556 -0.122547 0.053459 0.003658 0.998563 12.488971 
0.998483 0.002242 -0.055014 -0.548714 -0.002585 0.999978 -0.006164 -0.129717 0.054999 0.006297 0.998467 13.355615 
0.998362 0.006281 -0.056867 -0.604349 -0.006754 0.999944 -0.008137 -0.136634 0.056813 0.008508 0.998349 14.238652 
0.998323 0.006575 -0.057511 -0.666726 -0.007023 0.999946 -0.007598 -0.151086 0.057458 0.007989 0.998316 15.123390 
0.998245 0.006356 -0.058885 -0.719431 -0.006728 0.999959 -0.006121 -0.172737 0.058844 0.006506 0.998246 16.003010 
0.998165 0.006274 -0.060221 -0.780764 -0.006577 0.999967 -0.004830 -0.179459 0.060189 0.005218 0.998173 16.895829 
0.998101 0.005939 -0.061313 -0.837727 -0.006240 0.999969 -0.004711 -0.196946 0.061283 0.005084 0.998108 17.792014 
0.998030 0.004968 -0.062538 -0.915975 -0.005366 0.999966 -0.006192 -0.197188 0.062505 0.006515 0.998023 18.700109 
0.997965 0.003334 -0.063679 -0.976277 -0.003792 0.999968 -0.007071 -0.211845 0.063653 0.007298 0.997945 19.615699 
0.997920 0.002783 -0.064408 -1.036831 -0.003108 0.999983 -0.004960 -0.224415 0.064393 0.005150 0.997911 20.534632 
0.997928 0.002334 -0.064302 -1.110327 -0.002436 0.999996 -0.001505 -0.229416 0.064298 0.001659 0.997929 21.465361 
0.997959 0.002816 -0.063789 -1.178662 -0.002721 0.999995 0.001569 -0.227554 0.063793 -0.001393 0.997962 22.412209 
0.998028 0.002018 -0.062746 -1.231968 -0.001794 0.999992 0.003620 -0.221110 0.062752 -0.003501 0.998023 23.357873 
0.998127 0.002137 -0.061145 -1.294857 -0.001872 0.999989 0.004392 -0.226211 0.061154 -0.004269 0.998119 24.285676 
0.998215 0.002765 -0.059664 -1.357378 -0.002651 0.999994 0.001999 -0.241768 0.059669 -0.001837 0.998217 25.228609 
0.998263 0.003877 -0.058794 -1.419749 -0.004035 0.999989 -0.002577 -0.254934 0.058784 0.002810 0.998267 26.165365 
0.998318 0.002304 -0.057931 -1.464778 -0.002626 0.999981 -0.005495 -0.252963 0.057917 0.005638 0.998305 27.102530 
0.998366 -0.000217 -0.057143 -1.521881 -0.000033 0.999991 -0.004359 -0.265966 0.057144 0.004353 0.998356 28.057220 
0.998338 -0.002498 -0.057573 -1.578870 0.002555 0.999996 0.000919 -0.279845 0.057571 -0.001064 0.998341 29.034199 
0.998272 -0.006827 -0.058362 -1.631713 0.007098 0.999965 0.004435 -0.292145 0.058330 -0.004841 0.998286 29.993885 
0.998122 -0.014350 -0.059553 -1.670865 0.014591 0.999887 0.003613 -0.297860 0.059494 -0.004475 0.998219 30.939936 
0.998025 -0.015310 -0.060919 -1.723296 0.015290 0.999883 -0.000790 -0.305017 0.060924 -0.000143 0.998142 31.906761 
0.997934 -0.015821 -0.062269 -1.785479 0.015550 0.999867 -0.004833 -0.316673 0.062338 0.003854 0.998048 32.898542 
0.997816 -0.014850 -0.064367 -1.853626 0.014516 0.999879 -0.005666 -0.320408 0.064444 0.004719 0.997910 33.893992 
0.997772 -0.015164 -0.064963 -1.922737 0.014909 0.999879 -0.004398 -0.330215 0.065022 0.003419 0.997878 34.897568 
0.997704 -0.012191 -0.066625 -1.987087 0.012132 0.999926 -0.001293 -0.351652 0.066636 0.000482 0.997777 35.904257 
0.997636 -0.012502 -0.067570 -2.062891 0.012535 0.999921 0.000063 -0.361149 0.067564 -0.000910 0.997715 36.902307 
0.997590 -0.011489 -0.068423 -2.142776 0.011707 0.999928 0.002792 -0.371699 0.068386 -0.003587 0.997653 37.902027 
0.997545 -0.011416 -0.069092 -2.183832 0.011873 0.999910 0.006202 -0.389876 0.069015 -0.007007 0.997591 38.899913 
0.997576 -0.005334 -0.069381 -2.271240 0.005925 0.999948 0.008304 -0.389571 0.069333 -0.008695 0.997556 39.909019 
0.997575 -0.006018 -0.069338 -2.362340 0.006581 0.999947 0.007901 -0.393108 0.069287 -0.008338 0.997562 40.938227 
0.997548 -0.006155 -0.069709 -2.418654 0.006577 0.999961 0.005821 -0.385868 0.069670 -0.006265 0.997550 41.951210 
0.997578 -0.004579 -0.069410 -2.509686 0.004855 0.999981 0.003801 -0.397255 0.069391 -0.004129 0.997581 42.952218 
0.997511 -0.004673 -0.070362 -2.576727 0.004968 0.999980 0.004012 -0.419273 0.070342 -0.004352 0.997513 43.950623 
0.997362 -0.007643 -0.072182 -2.639010 0.008015 0.999956 0.004854 -0.412470 0.072141 -0.005419 0.997380 44.942162 
0.997344 -0.006496 -0.072543 -2.729581 0.006933 0.999959 0.005770 -0.419976 0.072502 -0.006258 0.997349 45.940484 
0.997370 -0.004828 -0.072323 -2.813069 0.005007 0.999985 0.002297 -0.432457 0.072311 -0.002653 0.997379 46.899996 
0.997328 -0.004855 -0.072886 -2.901853 0.004727 0.999987 -0.001929 -0.436987 0.072894 0.001579 0.997338 47.876555 
0.997312 -0.004370 -0.073145 -2.987665 0.004159 0.999987 -0.003042 -0.446378 0.073157 0.002730 0.997317 48.842778 
0.997275 -0.005243 -0.073583 -3.045232 0.005304 0.999986 0.000639 -0.454303 0.073578 -0.001028 0.997289 49.800148 
0.997228 -0.007243 -0.074053 -3.107519 0.007563 0.999963 0.004032 -0.475297 0.074022 -0.004581 0.997246 50.766438 
0.997194 -0.008479 -0.074385 -3.170904 0.008870 0.999949 0.004923 -0.490537 0.074340 -0.005569 0.997217 51.726025 
0.997144 -0.012476 -0.074485 -3.242488 0.012778 0.999912 0.003579 -0.493808 0.074434 -0.004520 0.997216 52.687005 
0.997093 -0.015202 -0.074666 -3.313550 0.015359 0.999881 0.001529 -0.494409 0.074634 -0.002672 0.997207 53.627651 
0.997012 -0.016779 -0.075405 -3.396641 0.017042 0.999851 0.002843 -0.520638 0.075346 -0.004120 0.997149 54.589152 
0.996851 -0.020282 -0.076658 -3.468549 0.020904 0.999755 0.007322 -0.537228 0.076491 -0.008901 0.997031 55.548501 
0.996810 -0.020925 -0.077024 -3.549566 0.021933 0.999684 0.012268 -0.537666 0.076743 -0.013918 0.996954 56.498369 
0.996804 -0.019473 -0.077480 -3.625651 0.020671 0.999678 0.014685 -0.546079 0.077169 -0.016239 0.996886 57.430742 
0.996713 -0.018547 -0.078860 -3.692076 0.019436 0.999756 0.010517 -0.544134 0.078645 -0.012015 0.996830 58.337637 
0.996658 -0.016502 -0.079999 -3.768531 0.016772 0.999856 0.002703 -0.549257 0.079942 -0.004035 0.996791 59.257953 
0.996624 -0.014599 -0.080789 -3.847935 0.014469 0.999893 -0.002196 -0.558673 0.080812 0.001020 0.996729 60.178860 
0.996610 -0.010039 -0.081658 -3.930646 0.009969 0.999950 -0.001258 -0.571928 0.081666 0.000440 0.996660 61.077847 
0.996518 -0.007355 -0.083052 -4.007503 0.007472 0.999971 0.001098 -0.584896 0.083042 -0.001715 0.996545 61.965420 
0.996445 -0.005438 -0.084074 -4.078360 0.005682 0.999980 0.002666 -0.598357 0.084058 -0.003134 0.996456 62.837144 
0.996376 -0.004619 -0.084931 -4.163266 0.004845 0.999985 0.002453 -0.610037 0.084918 -0.002856 0.996384 63.693616 
0.996211 -0.003033 -0.086916 -4.229467 0.003304 0.999990 0.002981 -0.614845 0.086906 -0.003257 0.996211 64.538862 
0.996065 -0.002222 -0.088597 -4.300338 0.002544 0.999991 0.003517 -0.625665 0.088588 -0.003728 0.996061 65.383257 
0.995921 -0.001518 -0.090218 -4.361020 0.001892 0.999990 0.004066 -0.645039 0.090211 -0.004220 0.995914 66.191148 
0.995791 -0.001906 -0.091637 -4.431836 0.002370 0.999985 0.004953 -0.649817 0.091626 -0.005150 0.995780 66.999353 
0.995654 0.000822 -0.093128 -4.510613 -0.000113 0.999971 0.007615 -0.655342 0.093132 -0.007572 0.995625 67.801214 
0.995535 0.002329 -0.094369 -4.589383 -0.001237 0.999932 0.011629 -0.661438 0.094389 -0.011460 0.995469 68.582316 
0.995401 0.005516 -0.095640 -4.678928 -0.004262 0.999902 0.013310 -0.667115 0.095704 -0.012841 0.995327 69.346622 
0.995270 0.008459 -0.096780 -4.763896 -0.007593 0.999928 0.009311 -0.677738 0.096851 -0.008532 0.995262 70.092888 
0.995157 0.008400 -0.097938 -4.846199 -0.008213 0.999964 0.002317 -0.695471 0.097954 -0.001501 0.995190 70.829138 
0.995021 0.007582 -0.099376 -4.919856 -0.007952 0.999963 -0.003333 -0.708605 0.099347 0.004106 0.995044 71.544333 
0.994966 0.008438 -0.099861 -4.989153 -0.008953 0.999949 -0.004707 -0.711820 0.099817 0.005577 0.994990 72.246381 
0.994848 0.011410 -0.100732 -5.058010 -0.011593 0.999932 -0.001228 -0.726609 0.100711 0.002390 0.994913 72.923926 
0.994701 0.011688 -0.102145 -5.123753 -0.011621 0.999932 0.001250 -0.749203 0.102153 -0.000057 0.994769 73.576192 
0.994640 0.008639 -0.103040 -5.186989 -0.008894 0.999958 -0.002014 -0.764184 0.103018 0.002920 0.994675 74.206971 
0.994677 0.000071 -0.103041 -5.244727 -0.000768 0.999977 -0.006723 -0.782335 0.103038 0.006767 0.994654 74.830773 
0.994765 -0.004112 -0.102110 -5.295426 0.002941 0.999928 -0.011615 -0.791579 0.102151 0.011254 0.994705 75.419799 
0.995087 -0.001725 -0.098987 -5.354673 0.000603 0.999935 -0.011367 -0.814813 0.099001 0.011251 0.995024 76.005761 
0.995472 0.003772 -0.094981 -5.412504 -0.004604 0.999953 -0.008543 -0.825948 0.094944 0.008942 0.995442 76.584327 
0.995944 0.002242 -0.089943 -5.473473 -0.002736 0.999982 -0.005361 -0.838947 0.089929 0.005585 0.995933 77.143889 
0.996455 -0.001527 -0.084113 -5.515527 0.001434 0.999998 -0.001168 -0.851555 0.084115 0.001043 0.996455 77.679533 
0.997086 -0.006568 -0.075998 -5.542259 0.006782 0.999974 0.002565 -0.864397 0.075979 -0.003073 0.997105 78.216327 
0.997852 -0.002935 -0.065441 -5.569748 0.003108 0.999992 0.002541 -0.874193 0.065433 -0.002739 0.997853 78.733061 
0.998729 0.002462 -0.050334 -5.597459 -0.002341 0.999994 0.002468 -0.885936 0.050340 -0.002347 0.998729 79.238051 
0.999441 0.007239 -0.032635 -5.601164 -0.007138 0.999969 0.003200 -0.886536 0.032657 -0.002965 0.999462 79.746595 
0.999927 0.005639 -0.010643 -5.587954 -0.005599 0.999977 0.003797 -0.889312 0.010664 -0.003737 0.999936 80.234641 
0.999875 0.001745 0.015694 -5.562250 -0.001827 0.999985 0.005176 -0.896143 -0.015685 -0.005204 0.999863 80.715408 
0.998966 0.000820 0.045447 -5.526707 -0.001128 0.999977 0.006743 -0.900123 -0.045441 -0.006787 0.998944 81.172386 
0.996974 0.000286 0.077734 -5.453244 -0.000924 0.999966 0.008178 -0.901262 -0.077729 -0.008225 0.996941 81.631788 
0.993333 0.000442 0.115276 -5.378124 -0.001500 0.999958 0.009095 -0.907442 -0.115267 -0.009207 0.993292 82.077245 
0.987650 -0.000059 0.156675 -5.282635 -0.001458 0.999953 0.009563 -0.919881 -0.156668 -0.009674 0.987604 82.509780 
0.979430 -0.001104 0.201783 -5.173068 -0.000901 0.999951 0.009840 -0.914952 -0.201784 -0.009819 0.979381 82.942084 
0.968094 -0.000234 0.250586 -5.038252 -0.002040 0.999959 0.008815 -0.928248 -0.250578 -0.009045 0.968054 83.343020 
0.952674 0.000976 0.303994 -4.890527 -0.003115 0.999974 0.006554 -0.931300 -0.303979 -0.007190 0.952652 83.731267 
0.933052 0.001101 0.359740 -4.712645 -0.003151 0.999982 0.005112 -0.936166 -0.359728 -0.005903 0.933039 84.100378 
0.908807 0.001655 0.417213 -4.515777 -0.003508 0.999987 0.003674 -0.935399 -0.417202 -0.004803 0.908801 84.454584 
0.879964 0.002009 0.475037 -4.294629 -0.003546 0.999991 0.002339 -0.937046 -0.475028 -0.003742 0.879963 84.780953 
0.846395 0.000536 0.532556 -4.052833 -0.001079 0.999999 0.000709 -0.937549 -0.532555 -0.001175 0.846395 85.090778 
0.809198 0.000308 0.587536 -3.792281 -0.000355 1.000000 -0.000035 -0.941178 -0.587536 -0.000181 0.809198 85.386122 
0.769723 -0.000701 0.638378 -3.509179 -0.000008 0.999999 0.001109 -0.943807 -0.638378 -0.000859 0.769722 85.652122 
0.726609 -0.001393 0.687050 -3.225446 -0.002109 0.999989 0.004257 -0.954369 -0.687048 -0.004542 0.726598 85.907782 
0.681688 -0.002344 0.731639 -2.922302 -0.002212 0.999984 0.005265 -0.959692 -0.731640 -0.005207 0.681672 86.129434 
0.635497 -0.004343 0.772091 -2.603815 0.001093 0.999988 0.004725 -0.966520 -0.772103 -0.002159 0.635494 86.327829 
0.588461 -0.006968 0.808496 -2.272381 0.006087 0.999973 0.004187 -0.971244 -0.808503 0.002457 0.588487 86.515547 
0.542463 -0.005065 0.840064 -1.937094 0.004358 0.999985 0.003215 -0.973476 -0.840068 0.001917 0.542477 86.673682 
0.495509 -0.001796 0.868601 -1.599050 0.000724 0.999998 0.001655 -0.969169 -0.868603 -0.000191 0.495509 86.825084 
0.450887 0.000565 0.892581 -1.255689 -0.000245 1.000000 -0.000509 -0.969891 -0.892581 0.000011 0.450887 86.948761 
0.408607 -0.002200 0.912708 -0.903311 0.006807 0.999977 -0.000637 -0.973415 -0.912685 0.006473 0.408613 87.055995 
0.369026 -0.009792 0.929367 -0.537916 0.022238 0.999751 0.001704 -0.969037 -0.929153 0.020038 0.369152 87.142800 
0.333610 -0.013054 0.942621 -0.170098 0.026086 0.999649 0.004612 -0.966625 -0.942350 0.023050 0.333834 87.237477 
0.300307 -0.009035 0.953800 0.205800 0.022559 0.999743 0.002368 -0.973509 -0.953576 0.020805 0.300434 87.346657 
0.268788 -0.001359 0.963198 0.574188 0.010524 0.999943 -0.001526 -0.989676 -0.963142 0.010547 0.268787 87.454348 
0.240485 0.002940 0.970648 0.954976 0.005858 0.999973 -0.004480 -0.999820 -0.970635 0.006763 0.240461 87.542208 
0.214637 0.004572 0.976683 1.352370 0.007671 0.999950 -0.006366 -1.006337 -0.976664 0.008859 0.214592 87.615618 
0.191413 0.005505 0.981494 1.748839 0.014934 0.999852 -0.008520 -1.015667 -0.981396 0.016288 0.191302 87.659268 
0.171516 0.011739 0.985111 2.154821 0.022447 0.999623 -0.015820 -1.008581 -0.984926 0.024827 0.171188 87.698779 
0.152008 0.018540 0.988205 2.573642 0.024260 0.999453 -0.022482 -1.003561 -0.988081 0.027392 0.151475 87.741277 
0.134642 0.019125 0.990710 3.008630 0.021919 0.999512 -0.022274 -1.011503 -0.990652 0.024714 0.134157 87.791487 
0.119387 0.014765 0.992738 3.467314 0.020139 0.999648 -0.017289 -1.027716 -0.992644 0.022057 0.119048 87.844365 
0.105198 0.011694 0.994383 3.942072 0.020335 0.999696 -0.013907 -1.040793 -0.994243 0.021684 0.104928 87.885954 
0.091977 0.009096 0.995720 4.430993 0.022866 0.999675 -0.011244 -1.051993 -0.995499 0.023802 0.091739 87.923486 
0.080477 0.008277 0.996722 4.932226 0.026393 0.999597 -0.010432 -1.059351 -0.996407 0.027146 0.080226 87.952803 
0.070403 0.008922 0.997479 5.450801 0.029633 0.999500 -0.011031 -1.066829 -0.997078 0.030335 0.070104 87.980824 
0.062543 0.009432 0.997998 5.976104 0.032034 0.999421 -0.011453 -1.072101 -0.997528 0.032686 0.062205 88.005546 
0.057068 0.009742 0.998323 6.527160 0.033878 0.999358 -0.011689 -1.080973 -0.997795 0.034489 0.056701 88.029171 
0.051417 0.010754 0.998619 7.090880 0.035246 0.999300 -0.012576 -1.090833 -0.998055 0.035844 0.051002 88.054344 
0.045566 0.011246 0.998898 7.663221 0.036407 0.999254 -0.012910 -1.103026 -0.998298 0.036955 0.045123 88.070931 
0.041191 0.010978 0.999091 8.266015 0.038946 0.999162 -0.012584 -1.117297 -0.998392 0.039428 0.040729 88.090580 
0.038407 0.010606 0.999206 8.893241 0.040976 0.999086 -0.012180 -1.132627 -0.998422 0.041411 0.037937 88.107498 
0.035294 0.010281 0.999324 9.539222 0.041292 0.999078 -0.011737 -1.137063 -0.998524 0.041679 0.034837 88.129679 
0.032757 0.009481 0.999418 10.196160 0.043358 0.999000 -0.010898 -1.148883 -0.998522 0.043690 0.032314 88.152801 
0.032209 0.009111 0.999440 10.871698 0.048229 0.998779 -0.010659 -1.157454 -0.998317 0.048545 0.031730 88.163589 
0.033174 0.008624 0.999412 11.559293 0.051480 0.998621 -0.010326 -1.170739 -0.998123 0.051792 0.032684 88.182579 
0.035418 0.008524 0.999336 12.276028 0.053431 0.998517 -0.010410 -1.178137 -0.997943 0.053765 0.034910 88.211220 
0.039381 0.008780 0.999186 13.005815 0.055295 0.998410 -0.010952 -1.177597 -0.997693 0.055681 0.038833 88.235931 
0.043558 0.008431 0.999015 13.745839 0.055513 0.998399 -0.010846 -1.188644 -0.997507 0.055931 0.043020 88.273500 
0.047274 0.006802 0.998859 14.503254 0.056907 0.998334 -0.009492 -1.200516 -0.997260 0.057291 0.046808 88.318465 
0.051641 0.004691 0.998655 15.275016 0.057667 0.998306 -0.007672 -1.220707 -0.996999 0.057986 0.051283 88.347149 
0.055967 0.002266 0.998430 16.054699 0.054238 0.998514 -0.005307 -1.241368 -0.996958 0.054450 0.055761 88.387431 
0.060295 0.001080 0.998180 16.856570 0.053874 0.998538 -0.004335 -1.250570 -0.996726 0.054037 0.060149 88.430868 
0.063978 0.001955 0.997949 17.655457 0.051078 0.998681 -0.005231 -1.264434 -0.996643 0.051308 0.063794 88.501556 
0.067402 0.005891 0.997709 18.455819 0.049642 0.998724 -0.009251 -1.278590 -0.996490 0.050152 0.067023 88.554093 
0.068543 0.011125 0.997586 19.275475 0.043774 0.998941 -0.014148 -1.298894 -0.996687 0.044638 0.067983 88.628583 
0.068239 0.014380 0.997565 20.088291 0.040695 0.999024 -0.017185 -1.313059 -0.996839 0.041769 0.067587 88.689996 
0.068483 0.014307 0.997550 20.893674 0.038103 0.999130 -0.016945 -1.329719 -0.996924 0.039170 0.067878 88.745278 
0.068681 0.012636 0.997559 21.707838 0.035122 0.999269 -0.015076 -1.352426 -0.997020 0.036072 0.068187 88.802875 
0.068548 0.011254 0.997584 22.529793 0.035369 0.999280 -0.013704 -1.380089 -0.997021 0.036223 0.068101 88.859225 
0.069184 0.010546 0.997548 23.356884 0.033365 0.999360 -0.012879 -1.400273 -0.997046 0.034175 0.068788 88.918676 
0.069160 0.010795 0.997547 24.185233 0.031677 0.999413 -0.013011 -1.426137 -0.997103 0.032500 0.068778 88.987738 
0.069574 0.011271 0.997513 25.001990 0.029646 0.999471 -0.013361 -1.443851 -0.997136 0.030502 0.069203 89.046279 
0.068661 0.012714 0.997559 25.823284 0.026794 0.999535 -0.014583 -1.462112 -0.997280 0.027730 0.068288 89.109325 
0.066146 0.012000 0.997738 26.629634 0.023940 0.999621 -0.013610 -1.482505 -0.997523 0.024787 0.065833 89.160279 
0.062332 0.010223 0.998003 27.435990 0.021416 0.999704 -0.011578 -1.507552 -0.997826 0.022095 0.062095 89.213232 
0.057872 0.007712 0.998294 28.238190 0.020468 0.999751 -0.008909 -1.524206 -0.998114 0.020949 0.057699 89.256065 
0.051475 0.005356 0.998660 29.047617 0.018509 0.999809 -0.006317 -1.545783 -0.998503 0.018810 0.051366 89.305707 
0.043895 0.005371 0.999022 29.859367 0.017885 0.999821 -0.006161 -1.566593 -0.998876 0.018138 0.043791 89.350471 
0.034996 0.006550 0.999366 30.669044 0.017240 0.999826 -0.007157 -1.580437 -0.999239 0.017480 0.034877 89.381502 
0.025346 0.006869 0.999655 31.464203 0.017810 0.999815 -0.007322 -1.598819 -0.999520 0.017989 0.025219 89.393481 
0.014736 0.005866 0.999874 32.263923 0.019040 0.999800 -0.006146 -1.612509 -0.999710 0.019128 0.014622 89.407739 
0.003958 0.005046 0.999979 33.072370 0.018611 0.999814 -0.005119 -1.623830 -0.999819 0.018631 0.003863 89.416335 
-0.007395 0.004278 0.999964 33.861918 0.019984 0.999792 -0.004129 -1.635445 -0.999773 0.019953 -0.007479 89.416207 
-0.018503 0.004528 0.999819 34.649808 0.019489 0.999801 -0.004167 -1.651285 -0.999639 0.019408 -0.018587 89.409379 
-0.029824 0.004771 0.999544 35.437878 0.019490 0.999801 -0.004191 -1.671972 -0.999365 0.019357 -0.029911 89.394002 
-0.040820 0.005755 0.999150 36.230758 0.020201 0.999784 -0.004933 -1.693151 -0.998962 0.019982 -0.040927 89.384540 
-0.051275 0.006957 0.998660 37.003839 0.020670 0.999769 -0.005903 -1.700128 -0.998471 0.020339 -0.051407 89.350450 
-0.060621 0.008152 0.998128 37.779697 0.020510 0.999766 -0.006920 -1.702021 -0.997950 0.020052 -0.060774 89.299463 
-0.070475 0.008278 0.997479 38.537822 0.021358 0.999749 -0.006788 -1.725466 -0.997285 0.020825 -0.070634 89.250264 
-0.079673 0.008448 0.996785 39.291982 0.022371 0.999727 -0.006684 -1.745341 -0.996570 0.021767 -0.079840 89.191236 
-0.088038 0.007760 0.996087 40.021842 0.023544 0.999707 -0.005708 -1.760905 -0.995839 0.022949 -0.088195 89.118644 
-0.095033 0.006609 0.995452 40.750964 0.025476 0.999667 -0.004205 -1.775617 -0.995148 0.024961 -0.095170 89.038551 
-0.099846 0.005005 0.994990 41.466759 0.028833 0.999582 -0.002135 -1.787827 -0.994585 0.028475 -0.099949 88.950399 
-0.103839 0.003815 0.994587 42.186891 0.031838 0.999493 -0.000509 -1.788869 -0.994084 0.031613 -0.103908 88.874907 
-0.106228 0.002597 0.994338 42.884122 0.033394 0.999442 0.000957 -1.800575 -0.993781 0.033306 -0.106256 88.787305 
-0.108160 0.001524 0.994132 43.583421 0.033953 0.999421 0.002162 -1.816209 -0.993554 0.033988 -0.108149 88.715602 
-0.108330 0.001630 0.994114 44.254366 0.035387 0.999371 0.002218 -1.830021 -0.993485 0.035419 -0.108319 88.632189 
-0.107537 0.002648 0.994198 44.921645 0.036252 0.999342 0.001259 -1.841728 -0.993540 0.036177 -0.107562 88.562692 
-0.104531 0.004483 0.994512 45.566661 0.036980 0.999316 -0.000618 -1.848634 -0.993834 0.036712 -0.104625 88.495024 
-0.099371 0.004794 0.995039 46.168126 0.036909 0.999318 -0.001129 -1.861380 -0.994366 0.036614 -0.099481 88.436507 
-0.091254 0.005226 0.995814 46.760634 0.035862 0.999355 -0.001958 -1.878141 -0.995182 0.035533 -0.091382 88.383471 
-0.080068 0.005606 0.996774 47.330213 0.035383 0.999370 -0.002778 -1.882891 -0.996161 0.035046 -0.080216 88.341776 
-0.066366 0.006294 0.997775 47.887109 0.035706 0.999355 -0.003929 -1.885194 -0.997156 0.035366 -0.066548 88.320123 
-0.049278 0.007459 0.998757 48.423021 0.034239 0.999397 -0.005774 -1.904403 -0.998198 0.033912 -0.049504 88.306119 
-0.027706 0.010006 0.999566 48.946082 0.032589 0.999427 -0.009101 -1.919540 -0.999085 0.032323 -0.028016 88.298862 
-0.002787 0.012801 0.999914 49.459390 0.030669 0.999449 -0.012710 -1.939441 -0.999526 0.030631 -0.003179 88.307849 
0.025712 0.014635 0.999562 49.990502 0.029664 0.999441 -0.015396 -1.953031 -0.999229 0.030047 0.025264 88.342843 
0.058687 0.014361 0.998173 50.490938 0.028239 0.999472 -0.016040 -1.964693 -0.997877 0.029129 0.058251 88.398380 
0.096759 0.012386 0.995231 51.003560 0.028467 0.999479 -0.015206 -1.968214 -0.994901 0.029803 0.096356 88.470297 
0.138535 0.008357 0.990322 51.491763 0.026600 0.999572 -0.012156 -1.992563 -0.990000 0.028027 0.138253 88.570597 
0.183631 0.003276 0.982990 51.971992 0.024123 0.999678 -0.007838 -2.021347 -0.982699 0.025152 0.183493 88.694585 
0.232130 -0.000011 0.972685 52.448539 0.020843 0.999770 -0.004963 -2.036441 -0.972462 0.021426 0.232076 88.844655 
0.283599 -0.002075 0.958941 52.909122 0.017310 0.999846 -0.002956 -2.057116 -0.958787 0.017437 0.283591 89.018554 
0.338621 -0.002652 0.940919 53.350540 0.016679 0.999856 -0.003184 -2.068947 -0.940775 0.016772 0.338617 89.208490 
0.396465 -0.002835 0.918046 53.779971 0.019653 0.999792 -0.005400 -2.085931 -0.917840 0.020183 0.396438 89.425937 
0.455230 0.001831 0.890372 54.187481 0.020078 0.999722 -0.012322 -2.085908 -0.890147 0.023486 0.455067 89.676176 
0.514011 0.005599 0.857765 54.577862 0.022186 0.999557 -0.019819 -2.091334 -0.857497 0.029218 0.513659 89.954726 
0.570980 0.010287 0.820899 54.926700 0.018852 0.999494 -0.025638 -2.100306 -0.820747 0.030114 0.570497 90.263936 
0.626157 0.014670 0.779559 55.262628 0.014285 0.999439 -0.030282 -2.100066 -0.779566 0.030098 0.625596 90.591500 
0.678208 0.016488 0.734685 55.562275 0.012388 0.999350 -0.033863 -2.109493 -0.734766 0.032067 0.677562 90.932241 
0.727521 0.011012 0.685997 55.868136 0.015688 0.999343 -0.032680 -2.141927 -0.685906 0.034537 0.726870 91.289878 
0.771617 0.007366 0.636045 56.127192 0.013110 0.999536 -0.027480 -2.171156 -0.635952 0.029543 0.771163 91.684209 
0.812084 0.001947 0.583538 56.366572 0.012842 0.999693 -0.021207 -2.192439 -0.583400 0.024716 0.811809 92.100734 
0.848685 -0.000058 0.528899 56.582117 0.010368 0.999810 -0.016527 -2.200193 -0.528797 0.019510 0.848524 92.525940 
0.880133 -0.006438 0.474684 56.782465 0.011757 0.999897 -0.008236 -2.238632 -0.474582 0.012830 0.880118 92.964494 
0.905700 -0.004750 0.423894 56.942352 0.007369 0.999963 -0.004540 -2.235649 -0.423856 0.007236 0.905701 93.417839 
0.926215 -0.002720 0.376987 57.102194 0.003479 0.999993 -0.001334 -2.244914 -0.376981 0.002547 0.926218 93.876018 
0.941306 0.004044 0.337530 57.233635 -0.004247 0.999991 -0.000136 -2.246425 -0.337528 -0.001305 0.941315 94.349139 
0.953013 0.008271 0.302816 57.350258 -0.007971 0.999966 -0.002228 -2.246215 -0.302824 -0.000291 0.953047 94.810285 
0.962117 0.010474 0.272434 57.469556 -0.010014 0.999945 -0.003079 -2.236562 -0.272451 0.000234 0.962170 95.293323 
0.968041 0.005549 0.250732 57.585847 -0.004796 0.999982 -0.003612 -2.235119 -0.250747 0.002294 0.968050 95.777200 
0.971982 0.001624 0.235050 57.702855 -0.000919 0.999995 -0.003108 -2.254520 -0.235054 0.002805 0.971978 96.251141 
0.974878 0.006264 0.222653 57.798141 -0.005593 0.999978 -0.003645 -2.263236 -0.222671 0.002308 0.974891 96.752069 
0.977064 0.009871 0.212716 57.904408 -0.009452 0.999951 -0.002984 -2.273750 -0.212735 0.000905 0.977110 97.238739 
0.978272 0.017898 0.206550 58.004770 -0.017349 0.999840 -0.004469 -2.276527 -0.206596 0.000788 0.978426 97.752503 
0.978735 0.023048 0.203831 58.098450 -0.021827 0.999728 -0.008238 -2.280432 -0.203966 0.003614 0.978971 98.285146 
0.978816 0.023829 0.203351 58.190837 -0.022016 0.999695 -0.011175 -2.288405 -0.203556 0.006461 0.979042 98.835115 
0.978289 0.022265 0.206047 58.306514 -0.019599 0.999696 -0.014972 -2.294068 -0.206318 0.010608 0.978428 99.396663 
0.977466 0.020745 0.210072 58.433199 -0.016550 0.999627 -0.021709 -2.298249 -0.210444 0.017743 0.977445 99.973425 
0.976436 0.021182 0.214763 58.534115 -0.016015 0.999540 -0.025773 -2.318631 -0.215210 0.021727 0.976326 100.538119 
0.975355 0.025929 0.219113 58.652836 -0.020874 0.999461 -0.025355 -2.332989 -0.219652 0.020156 0.975370 101.115664 
0.974002 0.027441 0.224869 58.774849 -0.023302 0.999507 -0.021039 -2.352050 -0.225336 0.015252 0.974162 101.726130 
0.972991 0.024627 0.229524 58.921483 -0.021467 0.999637 -0.016258 -2.372162 -0.229842 0.010892 0.973167 102.333354 
0.972214 0.020225 0.233218 59.078180 -0.018247 0.999777 -0.010637 -2.386476 -0.233381 0.006086 0.972366 102.963435 
0.971326 0.017537 0.237105 59.227649 -0.016655 0.999845 -0.005725 -2.398108 -0.237169 0.001612 0.971467 103.575165 
0.970595 0.013754 0.240324 59.383494 -0.012884 0.999904 -0.005194 -2.404801 -0.240372 0.001945 0.970679 104.225064 
0.970563 0.010150 0.240635 59.545149 -0.008449 0.999932 -0.008100 -2.420494 -0.240701 0.005828 0.970582 104.846143 
0.970670 0.009700 0.240220 59.708069 -0.006322 0.999870 -0.014832 -2.435761 -0.240333 0.012878 0.970605 105.495071 
0.970754 0.012283 0.239763 59.862576 -0.007429 0.999749 -0.021140 -2.450810 -0.239962 0.018741 0.970601 106.136477 
0.971409 0.015152 0.236928 60.028980 -0.009499 0.999643 -0.024986 -2.461751 -0.237222 0.022021 0.971206 106.810705 
0.972048 0.012972 0.234423 60.190475 -0.008318 0.999748 -0.020829 -2.473214 -0.234634 0.018297 0.971912 107.491396 
0.972461 0.009359 0.232879 60.363875 -0.006439 0.999891 -0.013293 -2.491335 -0.232978 0.011427 0.972415 108.187678 
0.973198 0.008897 0.229798 60.533555 -0.007419 0.999946 -0.007297 -2.504947 -0.229851 0.005397 0.973211 108.889856 
0.973571 0.012162 0.228059 60.691039 -0.010725 0.999914 -0.007540 -2.519180 -0.228132 0.004895 0.973618 109.607480 
0.973902 0.017216 0.226316 60.847036 -0.014812 0.999814 -0.012319 -2.532974 -0.226486 0.008646 0.973976 110.344829 
0.974711 0.018175 0.222727 61.009295 -0.014572 0.999735 -0.017810 -2.544019 -0.222992 0.014114 0.974718 111.094330 
0.975620 0.016001 0.218885 61.171834 -0.011814 0.999722 -0.020425 -2.566957 -0.219151 0.017341 0.975537 111.844464 
0.976570 0.013886 0.214750 61.346187 -0.010089 0.999773 -0.018767 -2.592212 -0.214962 0.016161 0.976489 112.595964 
0.977381 0.010325 0.211232 61.518520 -0.006920 0.999834 -0.016853 -2.608165 -0.211371 0.015010 0.977291 113.385752 
0.977741 0.008943 0.209623 61.679446 -0.006055 0.999878 -0.014416 -2.623501 -0.209726 0.012826 0.977676 114.176898 
0.978100 0.004946 0.208076 61.854297 -0.002487 0.999924 -0.012074 -2.638383 -0.208120 0.011292 0.978038 114.981418 
0.978197 -0.000583 0.207680 62.029087 0.003006 0.999931 -0.011351 -2.643689 -0.207659 0.011728 0.978131 115.780767 
0.978268 0.000867 0.207343 62.192539 0.001176 0.999952 -0.009732 -2.659074 -0.207342 0.009764 0.978220 116.604311 
0.978185 0.006457 0.207636 62.357541 -0.004146 0.999925 -0.011563 -2.681175 -0.207695 0.010450 0.978138 117.411454 
0.977951 0.012505 0.208458 62.516939 -0.009587 0.999842 -0.015001 -2.695241 -0.208612 0.012671 0.977916 118.225938 
0.977561 0.021863 0.209515 62.677532 -0.018796 0.999685 -0.016621 -2.715344 -0.209813 0.012310 0.977664 119.042467 
0.976777 0.027743 0.212456 62.842141 -0.024944 0.999563 -0.015841 -2.740877 -0.212803 0.010174 0.977042 119.876407 
0.976113 0.029544 0.215247 63.014221 -0.027188 0.999534 -0.013898 -2.761859 -0.215557 0.007714 0.976461 120.726235 
0.975469 0.030585 0.218002 63.189618 -0.028162 0.999502 -0.014216 -2.792672 -0.218328 0.007728 0.975845 121.553984 
0.975063 0.029229 0.219997 63.371606 -0.026168 0.999516 -0.016815 -2.816494 -0.220382 0.010638 0.975356 122.396282 
0.974882 0.023351 0.221495 63.562938 -0.020452 0.999673 -0.015372 -2.842453 -0.221781 0.010456 0.975040 123.227256 
0.974973 0.016200 0.221731 63.765168 -0.012812 0.999778 -0.016713 -2.871010 -0.221953 0.013454 0.974965 124.079114 
0.974836 0.015330 0.222396 63.971385 -0.011865 0.999787 -0.016908 -2.894039 -0.222608 0.013844 0.974810 124.906203 
0.974302 0.018170 0.224511 64.157916 -0.015479 0.999786 -0.013738 -2.911957 -0.224712 0.009910 0.974375 125.753680 
0.974016 0.019381 0.225650 64.340279 -0.017958 0.999804 -0.008358 -2.923537 -0.225767 0.004088 0.974173 126.576552 
0.973827 0.023191 0.226104 64.542840 -0.022844 0.999730 -0.004153 -2.935147 -0.226139 -0.001121 0.974094 127.418900 
0.973535 0.022452 0.227431 64.733361 -0.020582 0.999732 -0.010592 -2.954508 -0.227608 0.005631 0.973737 128.255245 
0.973630 0.018639 0.227370 64.934005 -0.013468 0.999615 -0.024275 -2.989631 -0.227735 0.020572 0.973506 129.088646 
0.973778 0.016369 0.226910 65.134939 -0.009060 0.999407 -0.033212 -3.017557 -0.227320 0.030286 0.973349 129.908748 
0.974237 0.012393 0.225187 65.345083 -0.006970 0.999667 -0.024857 -3.030853 -0.225420 0.022647 0.973998 130.754997 
0.974562 0.005937 0.224040 65.539956 -0.005166 0.999979 -0.004026 -3.057832 -0.224059 0.002766 0.974572 131.619464 
0.974887 0.001809 0.222694 65.731719 -0.004581 0.999918 0.011933 -3.093169 -0.222654 -0.012654 0.974815 132.475701 
0.974976 0.007292 0.222191 65.902227 -0.008874 0.999942 0.006125 -3.103352 -0.222134 -0.007944 0.974984 133.276182 
0.975300 0.016152 0.220292 66.073602 -0.014402 0.999851 -0.009546 -3.124094 -0.220413 0.006138 0.975387 134.068966 
0.975442 0.016391 0.219648 66.239457 -0.012978 0.999772 -0.016973 -3.144331 -0.219876 0.013706 0.975432 134.884580 
0.975896 0.012441 0.217882 66.416880 -0.008809 0.999806 -0.017634 -3.173442 -0.218059 0.015290 0.975816 135.709012 
0.976453 0.011499 0.215424 66.578158 -0.008230 0.999837 -0.016065 -3.192819 -0.215574 0.013914 0.976388 136.531208 
0.977187 0.011746 0.212058 66.743964 -0.008262 0.999816 -0.017306 -3.219225 -0.212222 0.015159 0.977104 137.339230 
0.978203 0.011776 0.207318 66.893531 -0.007996 0.999786 -0.019062 -3.237539 -0.207499 0.016989 0.978088 138.115744 
0.978688 0.016664 0.204678 67.041509 -0.012998 0.999730 -0.019239 -3.262072 -0.204943 0.016169 0.978640 138.916073 
0.979007 0.022432 0.202590 67.188982 -0.018773 0.999624 -0.019964 -3.277681 -0.202962 0.015742 0.979060 139.709020 
0.979375 0.024078 0.200611 67.345931 -0.020914 0.999621 -0.017876 -3.305746 -0.200966 0.013312 0.979508 140.502543 
0.979630 0.022203 0.199579 67.490943 -0.019969 0.999713 -0.013201 -3.325052 -0.199815 0.008947 0.979793 141.252448 
0.979934 0.021194 0.198190 67.643884 -0.018955 0.999733 -0.013191 -3.350573 -0.198417 0.009169 0.980075 142.037237 
0.980538 0.019275 0.195382 67.815162 -0.016385 0.999731 -0.016394 -3.372196 -0.195645 0.012874 0.980590 142.832614 
0.981445 0.014628 0.191187 67.950213 -0.010985 0.999738 -0.020101 -3.395625 -0.191431 0.017628 0.981348 143.583339 
0.982676 0.012216 0.184929 68.098621 -0.008443 0.999740 -0.021176 -3.416216 -0.185140 0.019248 0.982524 144.361155 
0.983843 0.009593 0.178776 68.237729 -0.006816 0.999847 -0.016139 -3.432091 -0.178903 0.014660 0.983757 145.172584 
0.984881 0.007114 0.173087 68.362843 -0.005852 0.999952 -0.007804 -3.448286 -0.173134 0.006673 0.984876 145.981722 
0.985588 0.004765 0.169096 68.508727 -0.005113 0.999986 0.001625 -3.468289 -0.169086 -0.002466 0.985598 146.784032 
0.986081 0.011027 0.165901 68.597354 -0.011815 0.999923 0.003769 -3.468568 -0.165847 -0.005676 0.986135 147.591263 
0.986965 0.013822 0.160339 68.738863 -0.013903 0.999903 -0.000620 -3.489132 -0.160332 -0.001617 0.987062 148.377830 
0.988185 0.014629 0.152566 68.866665 -0.013149 0.999856 -0.010705 -3.502234 -0.152701 0.008572 0.988235 149.161988 
0.989205 0.010828 0.146139 68.986296 -0.008523 0.999829 -0.016389 -3.510972 -0.146291 0.014967 0.989128 149.955715 
0.990164 0.009893 0.139559 69.092511 -0.007824 0.999851 -0.015367 -3.529372 -0.139690 0.014124 0.990094 150.745899 
0.991160 0.016364 0.131659 69.191176 -0.014938 0.999819 -0.011808 -3.556664 -0.131828 0.009737 0.991225 151.562357 
0.992038 0.021519 0.124087 69.265875 -0.019961 0.999706 -0.013787 -3.573863 -0.124347 0.011200 0.992176 152.369838 
0.993203 0.024067 0.113881 69.353775 -0.021974 0.999566 -0.019599 -3.594837 -0.114303 0.016964 0.993301 153.190526 
0.994199 0.022774 0.105118 69.442699 -0.020578 0.999548 -0.021931 -3.616014 -0.105569 0.019641 0.994218 154.000322 
0.994986 0.023041 0.097322 69.508968 -0.021247 0.999585 -0.019434 -3.633238 -0.097729 0.017268 0.995063 154.826917 
0.995661 0.025453 0.089503 69.573229 -0.024436 0.999624 -0.012445 -3.655603 -0.089786 0.010204 0.995909 155.653459 
0.996323 0.028087 0.080942 69.632306 -0.027632 0.999595 -0.006737 -3.673849 -0.081098 0.004475 0.996696 156.495133 
0.996993 0.025829 0.073062 69.694349 -0.025636 0.999665 -0.003584 -3.684715 -0.073130 0.001700 0.997321 157.335563 
0.997467 0.025529 0.066395 69.750611 -0.025479 0.999674 -0.001601 -3.696495 -0.066414 -0.000094 0.997792 158.162599 
0.997810 0.023421 0.061859 69.802547 -0.023257 0.999724 -0.003360 -3.711515 -0.061921 0.001914 0.998079 158.982182 
0.997968 0.028133 0.057169 69.846482 -0.027669 0.999577 -0.008904 -3.730268 -0.057396 0.007304 0.998325 159.787418 
0.997985 0.034490 0.053250 69.881511 -0.033716 0.999313 -0.015375 -3.754596 -0.053744 0.013549 0.998463 160.593471 
0.998101 0.035677 0.050205 69.911849 -0.034819 0.999234 -0.017865 -3.772363 -0.050804 0.016083 0.998579 161.418583 
0.998209 0.037319 0.046763 69.952555 -0.036816 0.999255 -0.011565 -3.799452 -0.047160 0.009823 0.998839 162.251986 
0.998248 0.038594 0.044860 69.972819 -0.038566 0.999255 -0.001483 -3.803540 -0.044883 -0.000250 0.998992 163.107554 
0.998305 0.040331 0.041950 69.993950 -0.040608 0.999159 0.005765 -3.818628 -0.041682 -0.007458 0.999103 163.954313 
0.998650 0.036155 0.037290 70.005519 -0.036245 0.999341 0.001728 -3.814128 -0.037203 -0.003077 0.999303 164.801140 
0.999191 0.024591 0.031819 70.038527 -0.024343 0.999670 -0.008157 -3.829693 -0.032009 0.007375 0.999460 165.631568 
0.999456 0.022471 0.024157 70.071723 -0.022165 0.999672 -0.012864 -3.842510 -0.024438 0.012322 0.999625 166.438099 
0.999487 0.026845 0.017462 70.076529 -0.026645 0.999578 -0.011598 -3.856298 -0.017766 0.011126 0.999780 167.267466 
0.999660 0.024002 0.010197 70.073046 -0.023947 0.999698 -0.005459 -3.876207 -0.010325 0.005213 0.999933 168.107701 
0.999824 0.018507 0.003170 70.061826 -0.018501 0.999827 -0.001888 -3.893805 -0.003205 0.001829 0.999993 168.949390 
0.999948 0.009893 -0.002274 70.054124 -0.009888 0.999949 0.002047 -3.894066 0.002294 -0.002024 0.999995 169.790536 
0.999945 0.005782 -0.008756 70.046988 -0.005765 0.999981 0.001959 -3.907936 0.008767 -0.001909 0.999960 170.628882 
0.999884 0.001967 -0.015071 70.033051 -0.002043 0.999985 -0.004992 -3.921616 0.015061 0.005022 0.999874 171.458446 
0.999719 -0.008167 -0.022262 70.013114 0.007827 0.999852 -0.015322 -3.932536 0.022384 0.015143 0.999635 172.290152 
0.999406 -0.018896 -0.028813 70.009902 0.018338 0.999642 -0.019494 -3.945781 0.029171 0.018954 0.999395 173.107303 
0.999278 -0.014569 -0.035083 69.959428 0.014160 0.999829 -0.011887 -3.970334 0.035250 0.011382 0.999314 173.963760 
0.999163 -0.005261 -0.040558 69.898280 0.005314 0.999985 0.001202 -3.984359 0.040551 -0.001416 0.999176 174.814156 
0.998971 -0.000295 -0.045361 69.846047 0.000694 0.999961 0.008777 -3.997785 0.045357 -0.008799 0.998932 175.668077 
0.998787 -0.000607 -0.049241 69.803971 0.000882 0.999984 0.005570 -4.003743 0.049236 -0.005606 0.998771 176.509210 
0.998684 0.000913 -0.051280 69.754226 -0.001183 0.999986 -0.005232 -4.010336 0.051274 0.005286 0.998671 177.348427 
0.998512 0.011384 -0.053336 69.669038 -0.012190 0.999816 -0.014816 -4.016938 0.053158 0.015444 0.998467 178.183232 
0.998421 0.009757 -0.055317 69.611834 -0.010783 0.999775 -0.018269 -4.033627 0.055126 0.018837 0.998302 179.025932 
0.998312 0.004362 -0.057907 69.572698 -0.005161 0.999893 -0.013655 -4.047434 0.057841 0.013931 0.998229 179.872474 
0.998320 0.004233 -0.057789 69.528035 -0.004502 0.999980 -0.004540 -4.070310 0.057769 0.004792 0.998318 180.718861 
0.998327 0.005215 -0.057581 69.471212 -0.005174 0.999986 0.000857 -4.086001 0.057585 -0.000557 0.998340 181.569954 
0.998216 0.005305 -0.059467 69.424998 -0.005314 0.999986 -0.000002 -4.099406 0.059467 0.000318 0.998230 182.418532 
0.998101 0.001645 -0.061570 69.372829 -0.002236 0.999952 -0.009537 -4.114884 0.061552 0.009656 0.998057 183.269859 
0.997922 -0.008756 -0.063832 69.335247 0.007417 0.999748 -0.021183 -4.130124 0.064001 0.020666 0.997736 184.107890 
0.997686 -0.019324 -0.065188 69.281390 0.017722 0.999528 -0.025076 -4.155076 0.065642 0.023863 0.997558 184.965858 
0.997673 -0.016476 -0.066165 69.216308 0.015140 0.999673 -0.020631 -4.179518 0.066484 0.019581 0.997595 185.826834 
0.997656 -0.010905 -0.067561 69.141485 0.010246 0.999896 -0.010105 -4.200844 0.067664 0.009389 0.997664 186.684683 
0.997547 -0.009721 -0.069325 69.078439 0.009304 0.999937 -0.006335 -4.229178 0.069382 0.005675 0.997574 187.537540 
0.997471 -0.011309 -0.070168 69.017267 0.010605 0.999890 -0.010388 -4.244474 0.070278 0.009618 0.997481 188.375791 
0.997506 -0.011747 -0.069592 68.947378 0.010614 0.999805 -0.016639 -4.261429 0.069774 0.015859 0.997437 189.208938 
0.997552 -0.004796 -0.069764 68.871023 0.003600 0.999845 -0.017250 -4.280934 0.069835 0.016957 0.997414 190.047668 
0.997542 -0.001926 -0.070042 68.796193 0.000953 0.999903 -0.013919 -4.306691 0.070062 0.013818 0.997447 190.888576 
0.997510 0.001352 -0.070511 68.715559 -0.002094 0.999943 -0.010455 -4.337440 0.070493 0.010576 0.997456 191.727949 
0.997502 0.004078 -0.070520 68.645458 -0.004622 0.999961 -0.007541 -4.352883 0.070487 0.007848 0.997482 192.561403 
0.997429 0.007565 -0.071257 68.572820 -0.008115 0.999939 -0.007431 -4.377159 0.071196 0.007991 0.997430 193.383598 
0.997359 0.005873 -0.072396 68.529614 -0.006669 0.999920 -0.010754 -4.401910 0.072327 0.011208 0.997318 194.198685 
0.997280 0.007714 -0.073298 68.461366 -0.008920 0.999830 -0.016133 -4.419138 0.073161 0.016743 0.997180 194.992731 
0.997182 0.008747 -0.074503 68.392461 -0.009959 0.999824 -0.015920 -4.436818 0.074351 0.016617 0.997094 195.791319 
